image: carto-neu.pgm
resolution: 0.050000
origin: [-1.050000, -5.098786, 0.000000]
negate: 0
occupied_thresh: 0.65
free_thresh: 0.196

